0
0.2
0.40000001
0.60000002
0.80000001
1
1.2
1.4
1.6
1.8
2
2.2
2.4000001
2.5999999
2.8
3
3.2
3.4000001
3.5999999
3.8
4
4.1999998
4.4000001
4.5999999
4.8000002
5
5.1999998
5.4000001
5.5999999
5.8000002
6
6.1999998
6.4000001
6.5999999
6.8000002
7
7.1999998
7.4000001
7.5999999
7.8000002
8
8.1999998
8.3999996
8.6000004
8.8000002
9
9.1999998
9.3999996
9.6000004
9.8000002
10
10.2
10.4
10.6
10.8
11
11.2
11.4
11.6
11.8
12
12.2
12.4
12.6
12.8
13
13.2
13.4
13.6
13.8
14
14.2
14.4
14.6
14.8
15
15.2
15.4
15.6
15.8
16
16.200001
16.4
16.6
16.799999
17
17.200001
17.4
17.6
17.799999
18
18.200001
18.4
18.6
18.799999
19
19.200001
19.4
19.6
19.799999
20
20.200001
20.4
20.6
20.799999
21
21.200001
21.4
21.6
21.799999
22
22.200001
22.4
22.6
22.799999
23
23.200001
23.4
23.6
23.799999
24
24.200001
24.4
24.6
24.799999
25
25.200001
25.4
25.6
25.799999
26
26.200001
26.4
26.6
26.799999
27
27.200001
27.4
27.6
27.799999
28
28.200001
28.4
28.6
28.799999
29
29.200001
29.4
29.6
29.799999
30
30.200001
30.4
30.6
30.799999
31
31.200001
31.4
31.6
31.799999
32
32.200001
32.400002
32.599998
32.799999
33
33.200001
33.400002
33.599998
33.799999
34
34.200001
34.400002
34.599998
34.799999
35
35.200001
35.400002
35.599998
35.799999
36
36.200001
36.400002
36.599998
36.799999
37
37.200001
37.400002
37.599998
37.799999
38
38.200001
38.400002
38.599998
38.799999
39
39.200001
39.400002
39.599998
39.799999
40
40.200001
40.400002
40.599998
40.799999
41
41.200001
41.400002
41.599998
41.799999
42
42.200001
42.400002
42.599998
42.799999
43
43.200001
43.400002
43.599998
43.799999
44
44.200001
44.400002
44.599998
44.799999
45
45.200001
45.400002
45.599998
45.799999
46
46.200001
46.400002
46.599998
46.799999
47
47.200001
47.400002
47.599998
47.799999
48
48.200001
48.400002
48.599998
48.799999
49
49.200001
49.400002
49.599998
49.799999
50
50.200001
50.400002
50.599998
50.799999
51
51.200001
51.400002
51.599998
51.799999
52
52.200001
52.400002
52.599998
52.799999
53
53.200001
53.400002
53.599998
53.799999
54
54.200001
54.400002
54.599998
54.799999
55
55.200001
55.400002
55.599998
55.799999
56
56.200001
56.400002
56.599998
56.799999
57
57.200001
57.400002
57.599998
57.799999
58
58.200001
58.400002
58.599998
58.799999
59
59.200001
59.400002
59.599998
59.799999
60
60.200001
60.400002
60.599998
60.799999
61
61.200001
61.400002
61.599998
61.799999
62
62.200001
62.400002
62.599998
62.799999
63
63.200001
63.400002
63.599998
63.799999
64
64.199997
64.400002
64.599998
64.800003
65
65.199997
65.400002
65.599998
65.800003
66
66.199997
66.400002
66.599998
66.800003
67
67.199997
67.400002
67.599998
67.800003
68
68.199997
68.400002
68.599998
68.800003
69
69.199997
69.400002
69.599998
69.800003
70
70.199997
70.400002
70.599998
70.800003
71
71.199997
71.400002
71.599998
71.800003
72
72.199997
72.400002
72.599998
72.800003
73
73.199997
73.400002
73.599998
73.800003
74
74.199997
74.400002
74.599998
74.800003
75
75.199997
75.400002
75.599998
75.800003
76
76.199997
76.400002
76.599998
76.800003
77
77.199997
77.400002
77.599998
77.800003
78
78.199997
78.400002
78.599998
78.800003
79
79.199997
79.400002
79.599998
79.800003
80
80.199997
80.400002
80.599998
80.800003
81
81.199997
81.400002
81.599998
81.800003
82
82.199997
82.400002
82.599998
82.800003
83
83.199997
83.400002
83.599998
83.800003
84
84.199997
84.400002
84.599998
84.800003
85
85.199997
85.400002
85.599998
85.800003
86
86.199997
86.400002
86.599998
86.800003
87
87.199997
87.400002
87.599998
87.800003
88
88.199997
88.400002
88.599998
88.800003
89
89.199997
89.400002
89.599998
89.800003
90
90.199997
90.400002
90.599998
90.800003
91
91.199997
91.400002
91.599998
91.800003
92
92.199997
92.400002
92.599998
92.800003
93
93.199997
93.400002
93.599998
93.800003
94
94.199997
94.400002
94.599998
94.800003
95
95.199997
95.400002
95.599998
95.800003
96
96.199997
96.400002
96.599998
96.800003
97
97.199997
97.400002
97.599998
97.800003
98
98.199997
98.400002
98.599998
98.800003
99
99.199997
99.400002
99.599998
99.800003
100
100.2
100.4
100.6
100.8
101
101.2
101.4
101.6
101.8
102
102.2
102.4
102.6
102.8
103
103.2
103.4
103.6
103.8
104
104.2
104.4
104.6
104.8
105
105.2
105.4
105.6
105.8
106
106.2
106.4
106.6
106.8
107
107.2
107.4
107.6
107.8
108
108.2
108.4
108.6
108.8
109
109.2
109.4
109.6
109.8
110
110.2
110.4
110.6
110.8
111
111.2
111.4
111.6
111.8
112
112.2
112.4
112.6
112.8
113
113.2
113.4
113.6
113.8
114
114.2
114.4
114.6
114.8
115
115.2
115.4
115.6
115.8
116
116.2
116.4
116.6
116.8
117
117.2
117.4
117.6
117.8
118
118.2
118.4
118.6
118.8
119
119.2
119.4
119.6
119.8
120
120.2
120.4
120.6
120.8
121
121.2
121.4
121.6
121.8
122
122.2
122.4
122.6
122.8
123
123.2
123.4
123.6
123.8
124
124.2
124.4
124.6
124.8
125
125.2
125.4
125.6
125.8
126
126.2
126.4
126.6
126.8
127
127.2
127.4
127.6
127.8
128
128.2
128.39999
128.60001
128.8
129
129.2
129.39999
129.60001
129.8
130
130.2
130.39999
130.60001
130.8
131
131.2
131.39999
131.60001
131.8
132
132.2
132.39999
132.60001
132.8
133
133.2
133.39999
133.60001
133.8
134
134.2
134.39999
134.60001
134.8
135
135.2
135.39999
135.60001
135.8
136
136.2
136.39999
136.60001
136.8
137
137.2
137.39999
137.60001
137.8
138
138.2
138.39999
138.60001
138.8
139
139.2
139.39999
139.60001
139.8
140
140.2
140.39999
140.60001
140.8
141
141.2
141.39999
141.60001
141.8
142
142.2
142.39999
142.60001
142.8
143
143.2
143.39999
143.60001
143.8
144
144.2
144.39999
144.60001
144.8
145
145.2
145.39999
145.60001
145.8
146
146.2
146.39999
146.60001
146.8
147
147.2
147.39999
147.60001
147.8
148
148.2
148.39999
148.60001
148.8
149
149.2
149.39999
149.60001
149.8
150
150.2
150.39999
150.60001
150.8
151
151.2
151.39999
151.60001
151.8
152
152.2
152.39999
152.60001
152.8
153
153.2
153.39999
153.60001
153.8
154
154.2
154.39999
154.60001
154.8
155
155.2
155.39999
155.60001
155.8
156
156.2
156.39999
156.60001
156.8
157
157.2
157.39999
157.60001
157.8
158
158.2
158.39999
158.60001
158.8
159
159.2
159.39999
159.60001
159.8
160
160.2
160.39999
160.60001
160.8
161
161.2
161.39999
161.60001
161.8
162
162.2
162.39999
162.60001
162.8
163
163.2
163.39999
163.60001
163.8
164
164.2
164.39999
164.60001
164.8
165
165.2
165.39999
165.60001
165.8
166
166.2
166.39999
166.60001
166.8
167
167.2
167.39999
167.60001
167.8
168
168.2
168.39999
168.60001
168.8
169
169.2
169.39999
169.60001
169.8
170
170.2
170.39999
170.60001
170.8
171
171.2
171.39999
171.60001
171.8
172
172.2
172.39999
172.60001
172.8
173
173.2
173.39999
173.60001
173.8
174
174.2
174.39999
174.60001
174.8
175
175.2
175.39999
175.60001
175.8
176
176.2
176.39999
176.60001
176.8
177
177.2
177.39999
177.60001
177.8
178
178.2
178.39999
178.60001
178.8
179
179.2
179.39999
179.60001
179.8
180
