2992
3002
3017
3049
3040
3140
3132
3030
3003
3094
2972
2965
2933
3128
3111
3027
3078
3101
3080
2997
2996
3129
3030
3050
3081
3054
3021
3055
3043
3004
3090
3005
3025
3019
2872
2985
3090
3001
2966
3009
3204
3119
3042
2995
3087
3071
3068
3012
3047
3081
3036
3050
2984
3063
3057
2918
3052
3088
3071
3017
3095
3024
3051
3114
3074
3072
3132
3138
2895
2991
3023
3138
3097
3018
3035
3101
3013
3046
3085
3000
2958
2987
3072
3063
3112
3085
2938
3058
3115
3005
3028
3112
3006
2977
3084
3163
3113
3001
3015
2941
2955
3043
3078
3040
2948
3006
3055
2966
3049
3036
3036
3044
2999
3052
3108
3016
3139
3051
3039
3091
3118
2987
3167
3028
2998
3020
3018
3055
3057
3038
3099
3087
3105
3028
3081
3047
3088
3031
3035
3051
3023
3028
2984
3094
3088
3054
3056
3054
2985
2965
3029
3070
3106
3151
3038
3022
3095
3081
3071
3022
2963
3030
2967
3005
3099
3029
3050
3051
3068
3006
3006
3028
3062
3021
3024
3003
3048
2962
3140
2938
3055
3116
3089
3162
3080
3003
3068
3020
3083
3013
3084
3128
2943
3021
3024
3100
3000
2949
3078
3004
3100
3037
3017
2989
3084
2984
3011
3096
2923
3017
3070
3028
3147
3048
3021
2942
3068
3070
3146
3053
3061
3030
3059
3021
3009
2932
3134
3043
3003
3137
3076
3061
3080
2957
3111
2979
3096
3004
3043
2980
2989
2950
3098
3063
3074
2976
3107
3005
3092
3082
3026
3058
3178
3003
3035
2990
3063
3075
3035
3088
3036
3113
2997
3085
3007
2950
3147
3144
3130
3032
2962
3035
2995
3087
3033
2998
3008
3020
3075
3087
3019
3056
3119
3004
3077
2979
3098
2999
3058
2950
3103
3013
3077
3134
3066
3039
3054
3012
3047
3080
3092
2962
2996
2948
2970
3101
2999
3003
2874
3051
3132
3137
3078
3163
2899
3116
3059
2986
3048
3067
3052
3012
3075
3070
3058
2986
3002
3023
2966
2991
3050
3084
3074
3042
3046
3046
3051
3040
3041
3170
3092
2962
3061
3050
3162
3069
2982
3037
3052
3116
2974
3046
3059
3080
3054
3087
3085
2976
2992
3045
3043
3063
2929
3016
3032
3011
3127
3091
2987
3058
3038
2986
3004
3154
3118
3007
3009
3135
3044
3007
3106
2898
3059
3135
3102
3056
3071
3091
3121
3057
3111
3015
3155
3018
3008
3141
3053
2957
2926
3044
3053
3026
3092
3034
3036
3181
2985
2971
3047
3220
3092
2993
3066
3072
2992
3009
3113
3097
3058
3076
2980
3028
2990
3103
3090
3121
3077
3065
3069
3050
3020
3120
2991
3017
3028
2998
3082
3019
3057
3087
3046
3090
3039
3020
3005
3032
3113
3122
3013
2969
2977
3016
2952
2979
3045
3093
3036
3032
3008
2950
3117
3091
3061
3003
3011
3027
2976
2955
3024
3127
3060
3081
3126
3041
2928
3084
3084
3065
2963
3139
3065
3022
3045
2996
3087
3138
3084
3053
3169
3111
2980
3048
3016
3031
2941
3065
2989
3104
3070
3009
3122
3066
3027
3118
3006
3099
3068
3023
3114
2996
2998
3069
3066
3072
3064
3001
3069
3021
3011
3111
3000
2975
3050
3061
3113
2967
3070
2997
3179
3093
3047
2957
3109
3076
2979
3045
3007
3081
3002
3115
3034
3069
3005
3109
3106
3031
3090
3107
3096
3074
3048
3074
3033
3097
3057
3028
3005
2991
3035
3064
2945
3102
3025
3050
3052
3126
2971
3023
3087
3019
3049
3112
3065
3071
3080
3068
3085
2931
3044
2928
2983
3033
3103
3028
3057
3058
3029
3143
3093
3046
2975
3047
3019
3068
2924
3153
3059
3064
2994
2993
3008
2903
3071
2953
3069
3009
3026
3036
3048
3052
2959
3040
3115
2970
2996
3057
3084
3135
2981
3129
3149
2999
3032
3087
2929
2944
3072
3026
3005
3035
2975
2938
3116
3028
3033
3131
2975
3095
3086
2990
3055
3034
3091
3037
3088
3040
3034
3002
3070
2981
3086
3135
3044
2973
3040
2964
3065
2989
3029
3111
3011
3075
3016
2990
3154
3022
2984
3017
3028
3087
3104
3029
3121
3057
3045
2918
3064
3015
3159
2995
3112
3025
3065
3146
3092
3029
3005
3110
3063
3001
3129
3027
3013
3113
2983
3009
2989
3098
3044
3039
3012
3032
3005
3069
3126
3062
2986
3046
3071
3080
3078
3013
3031
3065
3017
2956
3031
2993
3029
2986
3108
3112
3012
3106
3122
3056
3062
3052
2961
3133
3028
2952
3049
3093
3050
3065
3012
3077
2964
2986
2993
3135
3034
3026
3000
3143
3088
2926
3032
3020
3104
3142
2919
3101
3098
2977
3031
2957
3093
3060
2941
3026
3061
3034
3037
3061
2920
3020
3085
3020
3183
3045
2984
3075
3009
3075
3094
3158
3032
2987
3053
3085
3122
3029
2955
3005
3063
3007
3083
3030
3022
3026
2987
3023
3083
2875
3017
3025
3028
3024
3092
3003
2992
3016
3137
2911
2980
3021
3142
2995
3071
3021
2984
2994
3029
3104
3076
2993
3114
3046
3017
3003
3143
3040
2982
3056
3022
3082
3046
3071
3094
3091
3049
3068
3140
3093
3068
3150
3085
2960
3031
3114
3016
3029
2973
3003
3045
3070
3070
2991
3070
2933
3105
2992
3046
3010
2968
3147
3025
3038
3027
3007
3060
3098
3128
3054
3043
3080
2936
2926
3066
3053
3016
3003
3074
2959
3086
3030
3060
3027
3118
3044
3070
2973
2987
3004
3143
2973
3056
3085
3013
3086
3185
3104
3075
2993
3106
3048
2987
3037
2948
