94.171997
96.747002
99.402
102.088
104.903
107.701
110.596
113.09
115.585
118.064
120.559
123.038
125.517
127.996
130.474
132.953
135.448
137.927
140.40601
142.88499
145.395
147.89
150.369
152.88
155.358
157.83701
160.31599
162.795
165.27299
167.752
170.24699
172.742
175.22
177.69901
180.177
182.65601
185.13499
187.614
190.092
192.571
195.06599
197.56
200.039
202.51801
204.99699
207.492
209.98599
212.481
214.976
217.47099
219.95
222.588
225.259
228.009
230.776
233.254
235.74899
238.228
240.70599
243.201
245.696
248.174
250.653
253.132
255.642
258.121
260.60001
263.07901
265.573
268.052
270.53101
273.01001
275.48801
277.96701
280.46201
282.957
285.45099
287.92999
290.409
292.90399
295.383
297.86099
300.34
302.819
305.31299
307.80801
310.28699
312.76501
315.24399
317.72299
320.202
322.67999
325.16
327.655
330.14899
332.64401
335.13901
337.64899
340.12799
342.78299
345.43701
348.172
350.93799
353.41699
355.896
358.375
360.86899
363.36401
365.84299
368.32101
370.79999
373.29501
375.789
378.284
380.763
383.258
385.76901
388.26401
390.758
393.25299
395.73199
398.20999
400.72101
403.20001
405.67899
408.15701
410.668
413.147
415.642
418.12
420.599
423.078
425.55701
428.052
430.53
433.04099
435.64801
438.12701
440.621
443.10001
445.595
448.10599
450.58499
453.07901
455.55801
458.05301
460.51599
463.25
466.017
468.89499
471.806
474.29999
476.77899
479.27399
481.75299
484.24701
486.742
489.22101
491.715
494.194
496.673
499.151
501.63
504.10901
506.58801
509.099
511.577
514.08801
516.56702
519.078
521.55603
524.03497
526.53003
529.02502
531.51898
533.99799
536.49298
538.97198
541.45001
543.97699
546.46002
548.95001
551.42902
553.90802
556.40302
558.89801
561.37701
563.87097
566.34998
568.82898
571.30798
573.78601
576.32898
578.93597
581.42999
584.06897
586.67603
589.474
592.12903
594.60699
597.086
599.565
602.04401
604.55402
607.03302
609.52802
612.00702
614.50098
616.98102
619.45898
621.93799
624.43298
626.92798
629.40698
631.90198
634.38098
636.89203
639.38599
641.88098
644.35999
646.854
649.33301
651.81201
654.29102
656.77002
659.26398
661.74298
664.22198
666.70001
669.17902
671.67401
674.15198
676.67902
679.17401
681.65198
684.13098
686.64203
689.12097
691.599
694.078
696.55701
699.09998
701.59399
704.21698
706.82397
709.57397
712.245
714.73999
717.21802
719.69702
722.17603
724.65399
727.14899
729.65997
732.138
734.617
737.09601
739.591
742.07001
744.565
747.04303
749.53802
752.04901
754.52802
757.039
759.51703
761.99597
764.47498
766.98602
769.47998
771.97498
774.48602
776.98102
779.45898
781.96997
784.44897
786.96002
789.45398
791.94897
794.44299
796.98602
799.46503
801.96002
804.43799
806.93298
809.41199
811.92297
814.40198
816.88
819.39099
821.88599
824.44397
827.00299
829.78601
832.34497
834.82397
837.33398
839.82898
842.32397
844.81799
847.297
849.776
852.271
854.76501
857.24402
859.72302
862.20203
864.67999
867.159
869.65399
872.13202
874.61102
877.09003
879.56897
882.04797
884.526
887.00598
889.48401
891.995
894.474
896.96899
899.495
901.98999
904.48499
906.979
909.45801
911.953
914.43201
916.97498
919.46997
921.96399
924.44299
926.922
929.401
931.88
934.35901
936.901
939.44397
941.93903
944.51398
947.00897
949.80701
952.461
954.94
957.435
959.91302
962.40802
964.88702
967.38202
969.85999
972.35498
974.84998
977.328
979.823
982.302
984.78101
987.26001
989.73901
992.21698
994.69598
997.19098
999.66998
1002.18
1004.707
1007.186
1009.665
1012.16
1014.639
1017.133
1019.612
1022.091
1024.569
1027.064
1029.543
1032.022
1034.501
1037.027
1039.506
1042.001
1044.496
1046.975
1049.454
1051.933
1054.427
1056.986
1059.5129
1062.024
1064.567
1067.141
1069.892
1072.546
1075.025
1077.52
1080.015
1082.494
1084.972
1087.451
1089.946
1092.4399
1094.9351
1097.4139
1099.8929
1102.387
1104.882
1107.361
1109.856
1112.334
1114.845
1117.34
1119.851
1122.329
1124.808
1127.286
1129.765
1132.244
1134.739
1137.217
1139.696
1142.175
1144.6689
1147.1479
1149.6429
1152.1379
1154.6169
1157.127
1159.6219
1162.1169
1164.6121
1167.09
1169.585
1172.064
1174.542
1177.037
1179.58
1182.0909
1184.634
1187.192
1189.959
1192.614
1195.092
1197.571
1200.05
1202.528
1205.007
1207.502
1209.981
1212.46
1214.955
1217.449
1219.944
1222.439
1224.934
1227.429
1229.924
1232.434
1234.929
1237.4399
1239.9189
1242.397
1244.876
1247.355
1249.85
1252.328
1254.808
1257.302
1259.781
1262.276
1264.755
1267.233
1269.728
1272.207
1274.6851
1277.212
1279.691
1282.186
1284.665
1287.144
1289.623
1292.1021
1294.5959
1297.0909
1299.6021
1302.113
1304.687
1307.246
1309.9969
1312.651
1315.13
1317.609
1320.087
1322.582
1325.061
1327.54
1330.0179
1332.5291
1335.0081
1337.502
1339.9969
1342.476
1344.9871
1347.4821
1349.9771
1352.4709
1354.95
1357.429
1359.907
1362.402
1364.881
1367.36
1369.854
1372.333
1374.812
1377.291
1379.77
1382.264
1384.743
1387.254
1389.749
1392.243
1394.738
1397.264
1399.743
1402.222
1404.701
1407.1801
1409.658
1412.153
1414.6479
1417.174
1419.6689
1422.1639
1424.754
1427.329
1430.1281
1432.782
1435.261
1437.74
1440.218
1442.729
1445.224
1447.719
1450.229
1452.708
1455.203
1457.714
1460.192
1462.688
1465.166
1467.677
1470.156
1472.65
1475.129
1477.624
1480.103
1482.582
1485.092
1487.571
1490.066
1492.5601
1495.056
1497.55
1500.045
1502.524
1505.019
1507.4969
1509.9919
1512.4871
1514.965
1517.4919
1519.9709
1522.45
1524.929
1527.408
1529.887
1532.381
1534.86
1537.355
1539.8979
1542.392
1544.903
1547.4611
1550.212
1552.866
1555.361
1557.8719
1560.351
1562.83
1565.309
1567.787
1570.298
1572.777
1575.255
1577.734
1580.213
1582.708
1585.234
1587.729
1590.24
1592.734
1595.229
1597.74
1600.235
1602.714
1605.192
1607.671
1610.166
1612.661
1615.139
1617.618
1620.097
1622.5909
1625.0861
1627.5649
1630.0439
1632.522
1635.001
1637.528
1640.0229
1642.502
1644.981
1647.463
1649.954
1652.433
1654.911
1657.406
1659.949
1662.475
1664.986
1667.561
1670.327
1673.014
1675.509
1677.988
1680.4659
1682.9449
1685.4399
1687.9351
1690.413
1692.892
1695.4189
1697.8979
1700.376
1702.856
1705.35
1707.829
1710.308
1712.803
1715.281
1717.76
1720.239
1722.718
1725.196
1727.675
1730.17
1732.681
1735.175
1737.67
1740.149
1742.627
1745.1219
1747.601
1750.079
1752.574
1755.053
1757.579
1760.058
1762.553
1765.032
1767.51
1769.989
1772.484
1774.963
1777.473
1779.984
1782.479
1785.038
1787.5959
1790.427
1793.098
1795.576
1798.0551
1800.5341
1803.0291
1805.5081
1808.0031
1810.5031
1812.9919
1815.4709
1817.9659
1820.462
1822.9399
1825.451
1827.946
1830.425
1832.9041
1835.382
1837.861
1840.34
1842.834
1845.313
1847.792
1850.287
1852.766
1855.261
1857.739
1860.218
1862.713
1865.191
1867.67
1870.165
1872.644
1875.1379
1877.681
1880.16
1882.639
1885.118
1887.5959
1890.0909
1892.5699
1895.049
1897.527
1900.054
1902.549
1905.092
1907.619
1910.4969
1913.152
1915.647
1918.141
1920.624
1923.099
1925.578
1928.056
1930.535
1933.03
1935.5081
1937.9871
1940.4659
1942.9611
1945.4561
1947.9351
1950.413
1952.892
1955.371
1957.866
1960.345
1962.84
1965.334
1967.83
1970.324
1972.803
1975.282
1977.761
1980.239
1982.718
1985.197
1987.676
1990.155
1992.6331
1995.1121
1997.639
2000.134
2002.661
2005.139
2007.619
2010.097
2012.576
2015.071
2017.5649
2020.076
2022.587
2025.146
2027.705
2030.4871
2033.2061
2035.684
2038.163
2040.658
2043.153
2045.632
2048.1101
2050.5891
2053.084
2055.563
2058.042
2060.52
2063.0161
2065.51
2068.021
2070.5
2072.978
2075.457
2077.9519
2080.447
2082.9729
2085.4519
2087.947
2090.458
2092.968
2095.447
2097.926
2100.405
2102.8831
2105.3621
2107.8569
2110.3359
2112.8301
2115.3091
2117.8359
2120.314
2122.793
2125.272
2127.751
2130.229
2132.7241
2135.2029
2137.698
2140.176
2142.6709
2145.2141
2147.7881
2150.5869
2153.322
2155.8159
2158.311
2160.8059
2163.2849
2165.7639
2168.259
2170.7529
2173.2319
2175.7109
2178.189
2180.668
2183.147
2185.6421
2188.1211
2190.615
2193.1101
2195.5891
2198.0681
2200.5471
2203.041
2205.52
2207.999
2210.478
2212.9561
2215.4351
2217.9299
2220.4409
2222.9519
2225.4299
2227.9089
2230.3879
2232.8669
2235.3459
2237.873
2240.3511
2242.8459
2245.325
2247.803
2250.2981
2252.793
2255.2871
2257.782
2260.2771
2262.772
2265.2981
2267.873
2270.6709
2273.3899
2275.8689
2278.3479
2280.8269
2283.321
2285.8159
2288.2949
2290.7739
2293.2529
2295.748
2298.2419
2300.7209
2303.2151
2305.71
2308.189
2310.668
2313.147
2315.6421
2318.1201
2320.6311
2323.1101
2325.5891
2328.0669
2330.5459
2333.0249
2335.52
2337.999
2340.4929
2342.9719
2345.4819
2347.9609
