95.261002
97.835999
100.489
103.193
106.055
108.918
111.684
114.179
116.674
119.168
121.648
124.127
126.605
129.08299
131.563
134.05701
136.537
139.015
141.494
143.98801
146.48399
148.979
151.472
153.968
156.44701
158.925
161.40401
163.882
166.362
168.85699
171.33501
173.82899
176.30901
178.78799
181.26601
183.745
186.22301
188.702
191.181
193.67599
196.153
198.64799
201.12801
203.606
206.101
208.58
211.09
213.569
216.07899
218.54401
221.03799
223.709
226.34599
229.145
231.847
234.342
236.838
239.315
241.79401
244.289
246.783
249.263
251.741
254.23599
256.73099
259.20801
261.68701
264.16599
266.66199
269.14099
271.62
274.09698
276.577
279.05499
281.55099
284.04401
286.54001
289.01901
291.513
293.992
296.47101
298.95001
301.427
303.922
306.41699
308.896
311.375
313.854
316.33301
318.81
321.29001
323.76901
326.263
328.759
331.237
333.74899
336.258
338.737
341.23199
343.90201
346.52499
349.30801
352.01099
354.50601
356.983
359.46301
361.97299
364.452
366.92999
369.409
371.905
374.39801
376.87799
379.37201
381.85199
384.362
386.85699
389.35101
391.84601
394.34
396.82001
399.29901
401.81
404.28799
406.76599
409.245
411.75699
414.23499
416.729
419.20801
421.68701
424.16599
426.66101
429.13901
431.62201
434.14499
436.73599
439.215
441.70999
444.20401
446.69901
449.19299
451.672
454.168
456.66199
459.125
461.604
464.418
467.08899
470.11099
472.91
475.388
477.884
480.362
482.841
485.336
487.82901
490.30801
492.80301
495.28101
497.76001
500.23999
502.71899
505.198
507.677
510.18701
512.68103
515.177
517.65997
520.16498
522.64502
525.14001
527.617
530.12799
532.60699
535.086
537.58099
540.06
542.55402
545.065
547.54401
550.039
552.51703
554.995
557.49103
559.987
562.46503
564.95898
567.43903
569.91699
572.39502
574.875
577.41803
580.039
582.51898
585.18903
587.82703
590.59399
593.216
595.69598
598.17499
600.65399
603.14801
605.64203
608.138
610.617
613.09497
615.58899
618.06897
620.54797
623.04199
625.521
628.01599
630.495
632.99103
635.46802
637.97998
640.47498
642.96899
645.44702
647.94202
650.422
652.901
655.37799
657.85797
660.35199
662.83197
665.30902
667.789
670.26599
672.76202
675.24103
677.76801
680.26202
682.73999
685.23602
687.73102
690.20801
692.68701
695.16699
697.646
700.203
702.68298
705.38397
707.94299
710.69397
713.34802
715.828
718.30701
720.78497
723.263
725.742
728.25299
730.74701
733.22699
735.70599
738.185
740.67902
743.17297
745.65198
748.14801
750.64301
753.138
755.633
758.12598
760.60498
763.08502
765.56201
768.07397
770.58398
773.08002
775.57501
778.06799
780.56403
783.05798
785.552
788.047
790.55902
793.05298
795.547
798.07397
800.552
803.04797
805.526
808.021
810.5
813.01202
815.48901
817.96802
820.495
822.97498
825.612
828.15503
830.87299
833.43201
835.93201
838.42297
840.91699
843.41199
845.90698
848.38501
850.88098
853.375
855.854
858.33099
860.81201
863.28998
865.76801
868.24799
870.74298
873.21997
875.70001
878.17902
880.65802
883.13599
885.61603
888.09302
890.58801
893.08301
895.56097
898.073
900.58398
903.07898
905.573
908.06702
910.54602
913.04199
915.52002
918.06299
920.55902
923.052
925.53198
928.01001
930.48999
932.96802
935.46198
937.98901
940.54901
943.02802
945.56897
948.15997
950.974
953.54999
956.02899
958.52301
961.00201
963.49701
965.974
968.47101
970.948
973.44397
975.93799
978.43201
980.91199
983.39001
985.86902
988.34802
990.82599
993.30499
995.78497
998.27802
1000.758
1003.269
1005.796
1008.274
1010.754
1013.248
1015.742
1018.222
1020.7
1023.179
1025.674
1028.153
1030.631
1033.109
1035.589
1038.116
1040.594
1043.09
1045.585
1048.064
1050.542
1053.02
1055.515
1058.075
1060.618
1063.1121
1065.688
1068.2939
1071.061
1073.634
1076.113
1078.625
1081.104
1083.5811
1086.061
1088.54
1091.05
1093.528
1096.024
1098.5031
1100.996
1103.476
1105.97
1108.45
1110.943
1113.423
1115.933
1118.443
1120.938
1123.417
1125.895
1128.375
1130.854
1133.332
1135.827
1138.3051
1140.785
1143.2629
1145.757
1148.252
1150.7321
1153.225
1155.704
1158.2159
1160.726
1163.222
1165.7
1168.179
1170.674
1173.151
1175.631
1178.125
1180.684
1183.178
1185.754
1188.296
1191.1281
1193.702
1196.1801
1198.6591
1201.1379
1203.616
1206.1121
1208.59
1211.069
1213.548
1216.042
1218.538
1221.033
1223.527
1226.021
1228.522
1231.012
1233.538
1236.0341
1238.528
1241.006
1243.486
1245.964
1248.443
1250.937
1253.416
1255.896
1258.391
1260.869
1263.364
1265.842
1268.321
1270.816
1273.295
1275.7729
1278.301
1280.778
1283.275
1285.7531
1288.2321
1290.71
1293.189
1295.684
1298.179
1300.723
1303.201
1305.808
1308.302
1311.052
1313.74
1316.219
1318.697
1321.176
1323.67
1326.15
1328.6281
1331.123
1333.6169
1336.111
1338.606
1341.0861
1343.564
1346.092
1348.571
1351.0649
1353.5601
1356.0389
1358.517
1360.996
1363.49
1365.969
1368.448
1370.943
1373.422
1375.901
1378.379
1380.858
1383.3521
1385.847
1388.342
1390.837
1393.3311
1395.825
1398.3521
1400.832
1403.311
1405.79
1408.2679
1410.746
1413.2419
1415.735
1418.2629
1420.7729
1423.252
1425.875
1428.401
1431.295
1433.871
1436.35
1438.829
1441.306
1443.817
1446.328
1448.823
1451.318
1453.812
1456.307
1458.801
1461.297
1463.775
1466.254
1468.766
1471.26
1473.738
1476.218
1478.713
1481.191
1483.686
1486.181
1488.6591
1491.1689
1493.6479
1496.1429
1498.639
1501.134
1503.611
1506.1071
1508.6021
1511.095
1513.575
1516.053
1518.5811
1521.0601
1523.5389
1526.0179
1528.4969
1530.99
1533.469
1535.949
1538.444
1541.001
1543.48
1546.0699
1548.517
1551.38
1553.955
1556.449
1558.9611
1561.439
1563.917
1566.396
1568.891
1571.386
1573.865
1576.344
1578.823
1581.301
1583.811
1586.339
1588.834
1591.328
1593.823
1596.317
1598.844
1601.323
1603.801
1606.281
1608.775
1611.27
1613.749
1616.228
1618.7061
1621.201
1623.696
1626.175
1628.653
1631.131
1633.611
1636.089
1638.616
1641.111
1643.589
1646.069
1648.547
1651.043
1653.521
1656
1658.495
1661.068
1663.563
1666.155
1668.621
1671.496
1674.1021
1676.597
1679.076
1681.5551
1684.032
1686.527
1689.022
1691.502
1693.981
1696.507
1698.986
1701.465
1703.944
1706.438
1708.918
1711.412
1713.892
1716.37
1718.849
1721.327
1723.8051
1726.2841
1728.778
1731.274
1733.7679
1736.264
1738.757
1741.2371
1743.7159
1746.209
1748.689
1751.184
1753.662
1756.141
1758.668
1761.147
1763.642
1766.12
1768.598
1771.078
1773.571
1776.067
1778.562
1781.088
1783.568
1786.205
1788.733
1791.5959
1794.186
1796.665
1799.144
1801.623
1804.1169
1806.597
1809.0909
1811.585
1814.08
1816.559
1819.0551
1821.55
1824.045
1826.5389
1829.035
1831.5129
1833.9919
1836.47
1838.95
1841.428
1843.923
1846.402
1848.897
1851.374
1853.859
1856.348
1858.827
1861.323
1863.801
1866.2791
1868.759
1871.2531
1873.7469
1876.226
1878.77
1881.248
1883.728
1886.2061
1888.7
1891.1801
1893.6591
1896.137
1898.616
1901.1591
1903.637
1906.147
1908.804
1911.553
1914.241
1916.735
1919.23
1921.709
1924.186
1926.665
1929.144
1931.639
1934.118
1936.597
1939.075
1941.553
1944.05
1946.543
1949.022
1951.502
1953.98
1956.46
1958.955
1961.432
1963.928
1966.422
1968.934
1971.413
1973.891
1976.371
1978.849
1981.328
1983.807
1986.2841
1988.764
1991.243
1993.7209
1996.2
1998.728
2001.222
2003.748
2006.228
2008.7061
2011.186
2013.681
2016.174
2018.653
2021.1801
2023.692
2026.266
2028.792
2031.671
2034.2939
2036.772
2039.252
2041.746
2044.24
2046.719
2049.199
2051.6941
2054.1731
2056.6521
2059.1299
2061.625
2064.1189
2066.5991
2069.1079
2071.5879
2074.0669
2076.5459
2079.04
2081.541
2084.061
2086.54
2089.0359
2091.5449
2094.0569
2096.5359
2099.0139
2101.4929
2103.9719
2106.45
2108.9451
2111.4241
2113.9189
2116.397
2118.9231
2121.4031
2123.8811
2126.3611
2128.8379
2131.334
2133.812
2136.292
2138.7849
2141.28
2143.759
2146.334
2148.9719
2151.7871
2154.4089
2156.9041
2159.3999
2161.895
2164.3721
2166.8679
2169.363
2171.842
2174.3191
2176.7981
2179.2771
2181.7561
2184.2351
2186.731
2189.2251
2191.72
2194.199
2196.678
2199.155
2201.6499
2204.1299
2206.6089
2209.0869
2211.5669
2214.0439
2216.5229
2219.019
2221.5439
2224.0391
2226.5181
2228.9971
2231.4751
2233.9551
2236.4331
2238.9609
2241.4551
2243.9331
2246.4131
2248.8921
2251.387
2253.8799
2256.376
2258.8711
2261.3799
2263.8589
2266.4189
2269.0559
2271.855
2274.479
2276.958
2279.436
2281.9309
2284.426
2286.905
2289.3831
2291.863
2294.3569
2296.835
2299.3311
2301.8081
2304.3201
2306.7991
2309.2781
2311.7571
2314.2339
2316.73
2319.2251
2321.72
2324.197
2326.677
2329.155
2331.635
2334.113
2336.6079
2339.0869
2341.5811
2344.0759
2346.571
2349.05
